Threshold Error Accuracy
0 1.71244 0.499487
0.001 1.71244 0.499487
0.002 1.71244 0.499487
0.003 1.71244 0.499487
0.004 1.71244 0.499487
0.005 1.71244 0.499487
0.006 1.71244 0.499487
0.007 1.71244 0.499487
0.008 1.71244 0.499487
0.009 1.71244 0.499487
0.01 1.71244 0.499487
0.011 1.71244 0.499487
0.012 1.71244 0.499487
0.013 1.71244 0.499487
0.014 1.71244 0.499487
0.015 1.71244 0.499487
0.016 1.71244 0.499487
0.017 1.71244 0.499487
0.018 1.71244 0.499487
0.019 1.71244 0.499487
0.02 1.71244 0.499487
0.021 1.71244 0.499487
0.022 1.71244 0.499487
0.023 1.71244 0.499487
0.024 1.71244 0.499487
0.025 1.71244 0.499487
0.026 1.71244 0.499487
0.027 1.71244 0.499487
0.028 1.71244 0.499487
0.029 1.71244 0.499487
0.03 1.71244 0.499487
0.031 1.71244 0.499487
0.032 1.71244 0.499487
0.033 1.71244 0.499487
0.034 1.71244 0.499487
0.035 1.71244 0.499487
0.036 1.71244 0.499487
0.037 1.71244 0.499487
0.038 1.71244 0.499487
0.039 1.71244 0.499487
0.04 1.71244 0.499487
0.041 1.71244 0.499487
0.042 1.71244 0.499487
0.043 1.71244 0.499487
0.044 1.71244 0.499487
0.045 1.71244 0.499487
0.046 1.71244 0.499487
0.047 1.71244 0.499487
0.048 1.71244 0.499487
0.049 1.71244 0.499487
0.05 1.71244 0.499487
0.051 1.71244 0.499487
0.052 1.71244 0.499487
0.053 1.71244 0.499487
0.054 1.71244 0.499487
0.055 1.71244 0.499487
0.056 1.71244 0.499487
0.057 1.71244 0.499487
0.058 1.71244 0.499487
0.059 1.71244 0.499487
0.06 1.71244 0.499487
0.061 1.71244 0.499487
0.062 1.71244 0.499487
0.063 1.71244 0.499487
0.064 1.71244 0.499487
0.065 1.71244 0.499487
0.066 1.71244 0.499487
0.067 1.71244 0.499487
0.068 1.71244 0.499487
0.069 1.71244 0.499487
0.07 1.71244 0.499487
0.071 1.71244 0.499487
0.072 1.71244 0.499487
0.073 1.71244 0.499487
0.074 1.71244 0.499487
0.075 1.71244 0.499487
0.076 1.71244 0.499487
0.077 1.71244 0.499487
0.078 1.71244 0.499487
0.079 1.71244 0.499487
0.08 1.71244 0.499487
0.081 1.71244 0.499487
0.082 1.71244 0.499487
0.083 1.71244 0.499487
0.084 1.71244 0.499487
0.085 1.71244 0.499487
0.086 1.71244 0.499487
0.087 1.71244 0.499487
0.088 1.71244 0.499487
0.089 1.71244 0.499487
0.09 1.71244 0.499487
0.091 1.71244 0.499487
0.092 1.71244 0.499487
0.093 1.71244 0.499487
0.094 1.71244 0.499487
0.095 1.71244 0.499487
0.096 1.71244 0.499487
0.097 1.71244 0.499487
0.098 1.71244 0.499487
0.099 1.71244 0.499487
0.1 1.71244 0.499487
0.101 1.71244 0.499487
0.102 1.71244 0.499487
0.103 1.71244 0.499487
0.104 1.71244 0.499487
0.105 1.71244 0.499487
0.106 1.71244 0.499487
0.107 1.71244 0.499487
0.108 1.71244 0.499487
0.109 1.71244 0.499487
0.11 1.71244 0.499487
0.111 1.71244 0.499487
0.112 1.71244 0.499487
0.113 1.71244 0.499487
0.114 1.71244 0.499487
0.115 1.71244 0.499487
0.116 1.71244 0.499487
0.117 1.71244 0.499487
0.118 1.71244 0.499487
0.119 1.71244 0.499487
0.12 1.71244 0.499487
0.121 1.71244 0.499487
0.122 1.71244 0.499487
0.123 1.71244 0.499487
0.124 1.71244 0.499487
0.125 1.71244 0.499487
0.126 1.71244 0.499487
0.127 1.71244 0.499487
0.128 1.71244 0.499487
0.129 1.71244 0.499487
0.13 1.71244 0.499487
0.131 1.71244 0.499487
0.132 1.71244 0.499487
0.133 1.71244 0.499487
0.134 1.71244 0.499487
0.135 1.71244 0.499487
0.136 1.71244 0.499487
0.137 1.71244 0.499487
0.138 1.71244 0.499487
0.139 1.71244 0.499487
0.14 1.71244 0.499487
0.141 1.71244 0.499487
0.142 1.71244 0.499487
0.143 1.71244 0.499487
0.144 1.71244 0.499487
0.145 1.71244 0.499487
0.146 1.71244 0.499487
0.147 1.71244 0.499487
0.148 1.71244 0.499487
0.149 1.71244 0.499487
0.15 1.71244 0.499487
0.151 1.71244 0.499487
0.152 1.71244 0.499487
0.153 1.71244 0.499487
0.154 1.71244 0.499487
0.155 1.71244 0.499487
0.156 1.71244 0.499487
0.157 1.71244 0.499487
0.158 1.71244 0.499487
0.159 1.71244 0.499487
0.16 1.71244 0.499487
0.161 1.71244 0.499487
0.162 1.71244 0.499487
0.163 1.71244 0.499487
0.164 1.71244 0.499487
0.165 1.71244 0.499487
0.166 1.71244 0.499487
0.167 1.71244 0.499487
0.168 1.71244 0.499487
0.169 1.71244 0.499487
0.17 1.71244 0.499487
0.171 1.71244 0.499487
0.172 1.71244 0.499487
0.173 1.71244 0.499487
0.174 1.71244 0.499487
0.175 1.71244 0.499487
0.176 1.71244 0.499487
0.177 1.71244 0.499487
0.178 1.71244 0.499487
0.179 1.71244 0.499487
0.18 1.71244 0.499487
0.181 1.71244 0.499487
0.182 1.71244 0.499487
0.183 1.71244 0.499487
0.184 1.71244 0.499487
0.185 1.71244 0.499487
0.186 1.71244 0.499487
0.187 1.71244 0.499487
0.188 1.71244 0.499487
0.189 1.71244 0.499487
0.19 1.71244 0.499487
0.191 1.71244 0.499487
0.192 1.71244 0.499487
0.193 1.71243 0.499487
0.194 1.71243 0.499487
0.195 1.71243 0.499487
0.196 1.71243 0.499487
0.197 1.71243 0.499487
0.198 1.71243 0.499487
0.199 1.71243 0.499487
0.2 1.71243 0.499487
0.201 1.71243 0.499487
0.202 1.71243 0.499487
0.203 1.71243 0.499487
0.204 1.71243 0.499487
0.205 1.71243 0.499487
0.206 1.71243 0.499487
0.207 1.71243 0.499487
0.208 1.71243 0.499487
0.209 1.71243 0.499487
0.21 1.71243 0.499487
0.211 1.71244 0.499483
0.212 1.71244 0.499483
0.213 1.71245 0.49948
0.214 1.71245 0.49948
0.215 1.71232 0.49948
0.216 1.71232 0.49948
0.217 1.71233 0.499477
0.218 1.71233 0.499477
0.219 1.71232 0.499477
0.22 1.71232 0.499477
0.221 1.71232 0.499477
0.222 1.71232 0.499477
0.223 1.71219 0.499473
0.224 1.71222 0.499467
0.225 1.71222 0.499463
0.226 1.71222 0.499463
0.227 1.71222 0.499463
0.228 1.71209 0.49946
0.229 1.71197 0.499457
0.23 1.71197 0.499457
0.231 1.71196 0.499457
0.232 1.71184 0.499453
0.233 1.71184 0.499453
0.234 1.71185 0.49945
0.235 1.71184 0.49945
0.236 1.71184 0.49945
0.237 1.71184 0.49945
0.238 1.71183 0.49945
0.239 1.71185 0.499443
0.24 1.71171 0.499443
0.241 1.71172 0.49944
0.242 1.71161 0.499433
0.243 1.71162 0.499427
0.244 1.71149 0.499423
0.245 1.71137 0.49942
0.246 1.71136 0.49942
0.247 1.71137 0.499413
0.248 1.71126 0.499403
0.249 1.71128 0.499397
0.25 1.71127 0.499397
0.251 1.71114 0.499393
0.252 1.71102 0.499387
0.253 1.71108 0.499367
0.254 1.71096 0.49936
0.255 1.71069 0.499357
0.256 1.71031 0.499347
0.257 1.71031 0.499343
0.258 1.71022 0.499327
0.259 1.70998 0.499313
0.26 1.70973 0.499303
0.261 1.70978 0.499287
0.262 1.70964 0.499283
0.263 1.70969 0.499267
0.264 1.7096 0.49925
0.265 1.70919 0.499247
0.266 1.70913 0.49922
0.267 1.70886 0.499217
0.268 1.70865 0.499193
0.269 1.70841 0.49918
0.27 1.70775 0.49917
0.271 1.70754 0.499147
0.272 1.70744 0.499127
0.273 1.70742 0.49909
0.274 1.7072 0.499067
0.275 1.70697 0.49901
0.276 1.70647 0.49899
0.277 1.70571 0.49897
0.278 1.70575 0.49895
0.279 1.70579 0.49893
0.28 1.7058 0.498917
0.281 1.70545 0.498893
0.282 1.7048 0.498877
0.283 1.704 0.498863
0.284 1.70339 0.498833
0.285 1.70332 0.498803
0.286 1.7029 0.49876
0.287 1.70289 0.49871
0.288 1.70267 0.498687
0.289 1.70264 0.498643
0.29 1.70263 0.498593
0.291 1.7021 0.49854
0.292 1.70171 0.498483
0.293 1.70125 0.498447
0.294 1.7011 0.4984
0.295 1.70061 0.498337
0.296 1.70041 0.498263
0.297 1.7004 0.49821
0.298 1.69973 0.498153
0.299 1.69889 0.49811
0.3 1.69836 0.498053
0.301 1.69821 0.498003
0.302 1.69776 0.497963
0.303 1.69755 0.49789
0.304 1.69676 0.497827
0.305 1.69539 0.497773
0.306 1.69465 0.497733
0.307 1.69379 0.497683
0.308 1.69276 0.497647
0.309 1.69265 0.497543
0.31 1.69243 0.49747
0.311 1.69169 0.49743
0.312 1.69156 0.49737
0.313 1.69061 0.497267
0.314 1.68994 0.497207
0.315 1.68924 0.497113
0.316 1.68876 0.49703
0.317 1.68731 0.496947
0.318 1.68675 0.49685
0.319 1.68619 0.496713
0.32 1.6855 0.496613
0.321 1.6844 0.496503
0.322 1.68364 0.496423
0.323 1.68292 0.496327
0.324 1.68215 0.496207
0.325 1.68118 0.4961
0.326 1.68022 0.49599
0.327 1.67972 0.495823
0.328 1.67909 0.495657
0.329 1.67863 0.495563
0.33 1.67785 0.49544
0.331 1.67695 0.495313
0.332 1.67641 0.495197
0.333 1.67509 0.495107
0.334 1.67308 0.49497
0.335 1.67225 0.494813
0.336 1.67113 0.494697
0.337 1.67077 0.494563
0.338 1.66954 0.49444
0.339 1.66823 0.494253
0.34 1.66742 0.494087
0.341 1.66738 0.49394
0.342 1.66681 0.493787
0.343 1.66601 0.493613
0.344 1.66444 0.49346
0.345 1.66368 0.493273
0.346 1.6631 0.493117
0.347 1.66188 0.49298
0.348 1.66064 0.492767
0.349 1.6595 0.49252
0.35 1.65887 0.49237
0.351 1.6582 0.4922
0.352 1.65721 0.49199
0.353 1.65645 0.491797
0.354 1.6556 0.491627
0.355 1.65404 0.491457
0.356 1.65423 0.491237
0.357 1.65324 0.491023
0.358 1.65185 0.490793
0.359 1.65119 0.490607
0.36 1.64944 0.490403
0.361 1.64869 0.490207
0.362 1.64639 0.48995
0.363 1.64539 0.489737
0.364 1.64468 0.48952
0.365 1.64353 0.48926
0.366 1.64224 0.48904
0.367 1.64242 0.488773
0.368 1.64182 0.488517
0.369 1.64068 0.488243
0.37 1.63943 0.488047
0.371 1.63822 0.4878
0.372 1.63757 0.487513
0.373 1.63693 0.48727
0.374 1.63551 0.487037
0.375 1.63365 0.486753
0.376 1.63282 0.486467
0.377 1.63213 0.48623
0.378 1.63072 0.485943
0.379 1.62905 0.48564
0.38 1.6272 0.485297
0.381 1.62573 0.484977
0.382 1.62525 0.48472
0.383 1.62347 0.484443
0.384 1.62155 0.48412
0.385 1.62061 0.48381
0.386 1.62002 0.48353
0.387 1.61834 0.48322
0.388 1.61634 0.482947
0.389 1.61563 0.48266
0.39 1.61373 0.48236
0.391 1.61253 0.48212
0.392 1.61189 0.48185
0.393 1.61008 0.481517
0.394 1.60896 0.481157
0.395 1.60871 0.480813
0.396 1.60752 0.480517
0.397 1.60628 0.48014
0.398 1.60561 0.47978
0.399 1.60481 0.479403
0.4 1.60381 0.479137
0.401 1.60188 0.478823
0.402 1.60055 0.478513
0.403 1.59952 0.47821
0.404 1.59827 0.47783
0.405 1.59763 0.47745
0.406 1.59601 0.477077
0.407 1.59603 0.476637
0.408 1.59509 0.4763
0.409 1.59373 0.475937
0.41 1.59309 0.475553
0.411 1.59129 0.475223
0.412 1.59131 0.47483
0.413 1.59006 0.474483
0.414 1.58939 0.474107
0.415 1.58783 0.473703
0.416 1.58572 0.473313
0.417 1.58524 0.472923
0.418 1.584 0.472507
0.419 1.58185 0.472073
0.42 1.58024 0.471627
0.421 1.57885 0.471253
0.422 1.57889 0.47084
0.423 1.57861 0.47043
0.424 1.57769 0.469997
0.425 1.57742 0.469583
0.426 1.57665 0.469167
0.427 1.57635 0.46871
0.428 1.57492 0.468337
0.429 1.57435 0.467903
0.43 1.57388 0.467433
0.431 1.57201 0.467037
0.432 1.57106 0.466507
0.433 1.56863 0.466073
0.434 1.56715 0.465607
0.435 1.56649 0.46514
0.436 1.56647 0.464687
0.437 1.56465 0.464217
0.438 1.56219 0.46377
0.439 1.5606 0.463323
0.44 1.55937 0.46276
0.441 1.55912 0.46227
0.442 1.55797 0.461783
0.443 1.55807 0.46124
0.444 1.55673 0.4608
0.445 1.55594 0.460307
0.446 1.55469 0.459793
0.447 1.55357 0.459293
0.448 1.55186 0.4588
0.449 1.55089 0.458343
0.45 1.55013 0.45777
0.451 1.54893 0.457277
0.452 1.54721 0.456827
0.453 1.54485 0.456297
0.454 1.5444 0.455733
0.455 1.54329 0.455203
0.456 1.54158 0.454687
0.457 1.54066 0.45409
0.458 1.5399 0.453557
0.459 1.53717 0.453013
0.46 1.53565 0.452427
0.461 1.53462 0.45196
0.462 1.53331 0.451427
0.463 1.53166 0.45092
0.464 1.53127 0.450317
0.465 1.52956 0.44983
0.466 1.52934 0.449227
0.467 1.52752 0.448697
0.468 1.52716 0.448133
0.469 1.52524 0.447587
0.47 1.5233 0.446927
0.471 1.5212 0.446307
0.472 1.51935 0.445777
0.473 1.51862 0.44514
0.474 1.51703 0.444587
0.475 1.51479 0.44405
0.476 1.51329 0.443407
0.477 1.51205 0.44285
0.478 1.51111 0.44226
0.479 1.50994 0.441683
0.48 1.509 0.441153
0.481 1.50662 0.440573
0.482 1.50601 0.439943
0.483 1.5048 0.439307
0.484 1.50318 0.438667
0.485 1.5031 0.438103
0.486 1.49962 0.437587
0.487 1.49589 0.437027
0.488 1.49474 0.43641
0.489 1.49223 0.43577
0.49 1.49159 0.435117
0.491 1.48915 0.4345
0.492 1.48812 0.433893
0.493 1.4852 0.433287
0.494 1.48451 0.432637
0.495 1.48165 0.431947
0.496 1.47992 0.431287
0.497 1.47909 0.430603
0.498 1.47846 0.42998
0.499 1.47792 0.429267
0.5 1.47561 0.428567
0.501 1.47318 0.428023
0.502 1.47214 0.427327
0.503 1.47009 0.426733
0.504 1.4698 0.42606
0.505 1.4696 0.42542
0.506 1.46825 0.424737
0.507 1.46568 0.424213
0.508 1.46412 0.423587
0.509 1.46278 0.422947
0.51 1.46206 0.42232
0.511 1.46165 0.421667
0.512 1.46049 0.421033
0.513 1.45905 0.42034
0.514 1.4579 0.419697
0.515 1.45679 0.41904
0.516 1.45613 0.418387
0.517 1.4557 0.417723
0.518 1.45307 0.417167
0.519 1.45146 0.416517
0.52 1.45067 0.415813
0.521 1.44992 0.41516
0.522 1.44976 0.414473
0.523 1.44775 0.41379
0.524 1.44785 0.41316
0.525 1.44674 0.412477
0.526 1.44518 0.41179
0.527 1.44376 0.411123
0.528 1.44058 0.410477
0.529 1.43913 0.409807
0.53 1.43939 0.409127
0.531 1.43711 0.40842
0.532 1.43629 0.407753
0.533 1.43561 0.407123
0.534 1.43548 0.406413
0.535 1.4345 0.405797
0.536 1.43423 0.405193
0.537 1.43372 0.404573
0.538 1.43318 0.40389
0.539 1.43195 0.403197
0.54 1.43154 0.402607
0.541 1.43084 0.40196
0.542 1.42953 0.40127
0.543 1.42816 0.400603
0.544 1.42842 0.39997
0.545 1.42676 0.39938
0.546 1.42508 0.39879
0.547 1.4223 0.39815
0.548 1.42138 0.397557
0.549 1.42197 0.39689
0.55 1.42195 0.39625
0.551 1.41879 0.395693
0.552 1.41786 0.395087
0.553 1.41718 0.3944
0.554 1.41664 0.39375
0.555 1.4148 0.393103
0.556 1.41204 0.392477
0.557 1.4102 0.39195
0.558 1.40647 0.391277
0.559 1.40667 0.39055
0.56 1.40473 0.3899
0.561 1.40316 0.389213
0.562 1.40274 0.388583
0.563 1.40249 0.38783
0.564 1.40068 0.387203
0.565 1.39902 0.3866
0.566 1.39622 0.385937
0.567 1.39376 0.385243
0.568 1.39114 0.384587
0.569 1.39075 0.383927
0.57 1.39029 0.38322
0.571 1.38801 0.382603
0.572 1.3869 0.381973
0.573 1.38484 0.381373
0.574 1.38233 0.380737
0.575 1.38175 0.380103
0.576 1.38126 0.37945
0.577 1.38001 0.378773
0.578 1.37891 0.378127
0.579 1.37787 0.37746
0.58 1.37633 0.37685
0.581 1.37456 0.37621
0.582 1.37173 0.37562
0.583 1.36985 0.374927
0.584 1.36897 0.374353
0.585 1.36706 0.373733
0.586 1.36722 0.373123
0.587 1.36525 0.372517
0.588 1.36483 0.371733
0.589 1.36279 0.37114
0.59 1.36074 0.370537
0.591 1.36051 0.369857
0.592 1.35803 0.36921
0.593 1.35616 0.36864
0.594 1.35597 0.36795
0.595 1.35512 0.367253
0.596 1.35206 0.366633
0.597 1.35165 0.36589
0.598 1.35077 0.365193
0.599 1.35015 0.36451
0.6 1.34996 0.36388
0.601 1.34826 0.363207
0.602 1.34765 0.362527
0.603 1.34599 0.36194
0.604 1.34451 0.36122
0.605 1.34408 0.36047
0.606 1.34175 0.359787
0.607 1.34284 0.35907
0.608 1.34035 0.358413
0.609 1.34026 0.357743
0.61 1.33865 0.357107
0.611 1.33608 0.356463
0.612 1.33626 0.355797
0.613 1.33382 0.355107
0.614 1.33249 0.35438
0.615 1.32825 0.353777
0.616 1.32244 0.353127
0.617 1.32224 0.35246
0.618 1.32058 0.3518
0.619 1.31912 0.351173
0.62 1.31641 0.35059
0.621 1.31547 0.349823
0.622 1.31441 0.349077
0.623 1.31201 0.348397
0.624 1.31132 0.347733
0.625 1.31249 0.347057
0.626 1.31083 0.34638
0.627 1.30883 0.34566
0.628 1.30791 0.34495
0.629 1.3048 0.344323
0.63 1.30504 0.3436
0.631 1.30563 0.34288
0.632 1.30551 0.34225
0.633 1.30457 0.34163
0.634 1.30301 0.340967
0.635 1.30085 0.340363
0.636 1.30004 0.339707
0.637 1.29881 0.339047
0.638 1.29698 0.338343
0.639 1.29531 0.33769
0.64 1.29248 0.337133
0.641 1.28975 0.33645
0.642 1.28905 0.33573
0.643 1.28757 0.334997
0.644 1.28578 0.33435
0.645 1.28226 0.333727
0.646 1.28154 0.333
0.647 1.27839 0.33237
0.648 1.27824 0.33159
0.649 1.27856 0.330897
0.65 1.27715 0.33023
0.651 1.27722 0.3296
0.652 1.27747 0.32893
0.653 1.27643 0.328263
0.654 1.27584 0.327593
0.655 1.27576 0.326887
0.656 1.27644 0.326203
0.657 1.27579 0.325537
0.658 1.27575 0.32482
0.659 1.27554 0.32413
0.66 1.27407 0.32345
0.661 1.27362 0.322823
0.662 1.27255 0.322137
0.663 1.26948 0.3215
0.664 1.26831 0.320827
0.665 1.26912 0.32022
0.666 1.26919 0.31956
0.667 1.26799 0.318897
0.668 1.26642 0.3182
0.669 1.26527 0.317507
0.67 1.26593 0.316807
0.671 1.26728 0.316057
0.672 1.26518 0.31537
0.673 1.2655 0.314637
0.674 1.26524 0.313937
0.675 1.26419 0.313327
0.676 1.26295 0.31263
0.677 1.26061 0.31197
0.678 1.2622 0.311267
0.679 1.26119 0.31062
0.68 1.25895 0.309937
0.681 1.25819 0.309223
0.682 1.25635 0.30854
0.683 1.25387 0.307877
0.684 1.24968 0.30727
0.685 1.24813 0.30661
0.686 1.24761 0.30594
0.687 1.24708 0.305153
0.688 1.24505 0.30447
0.689 1.24473 0.303727
0.69 1.24259 0.30307
0.691 1.2412 0.302353
0.692 1.24036 0.3016
0.693 1.23908 0.300847
0.694 1.23895 0.300057
0.695 1.23773 0.2994
0.696 1.23732 0.29878
0.697 1.23561 0.298097
0.698 1.23432 0.297307
0.699 1.23365 0.296623
0.7 1.23207 0.295903
0.701 1.22915 0.295227
0.702 1.2277 0.294587
0.703 1.22936 0.293853
0.704 1.23022 0.293177
0.705 1.2295 0.29248
0.706 1.2296 0.29173
0.707 1.23067 0.291
0.708 1.23038 0.290333
0.709 1.22736 0.289653
0.71 1.22646 0.28899
0.711 1.22582 0.288263
0.712 1.22509 0.28742
0.713 1.22255 0.28673
0.714 1.22086 0.286093
0.715 1.22181 0.285387
0.716 1.22143 0.284717
0.717 1.22407 0.284027
0.718 1.22524 0.28327
0.719 1.22287 0.282663
0.72 1.22434 0.281963
0.721 1.22549 0.281207
0.722 1.22517 0.280517
0.723 1.22363 0.27983
0.724 1.22298 0.2792
0.725 1.2231 0.27854
0.726 1.22475 0.27781
0.727 1.22203 0.277113
0.728 1.22168 0.276403
0.729 1.21898 0.275663
0.73 1.2192 0.274967
0.731 1.21797 0.274303
0.732 1.21578 0.273583
0.733 1.21287 0.27288
0.734 1.21333 0.272123
0.735 1.2119 0.271347
0.736 1.21146 0.27064
0.737 1.21229 0.269947
0.738 1.21227 0.269293
0.739 1.21282 0.2685
0.74 1.20822 0.26768
0.741 1.2077 0.266983
0.742 1.20671 0.266227
0.743 1.20544 0.265533
0.744 1.20468 0.264867
0.745 1.20577 0.264093
0.746 1.20509 0.263407
0.747 1.20378 0.262693
0.748 1.20266 0.261947
0.749 1.19968 0.261303
0.75 1.19799 0.260513
0.751 1.19883 0.259777
0.752 1.19607 0.259047
0.753 1.19763 0.25831
0.754 1.19691 0.257603
0.755 1.19751 0.25692
0.756 1.19478 0.25617
0.757 1.19577 0.255397
0.758 1.19649 0.254677
0.759 1.19804 0.25395
0.76 1.19778 0.253137
0.761 1.19814 0.252353
0.762 1.19625 0.251693
0.763 1.19462 0.251
0.764 1.1972 0.250213
0.765 1.1923 0.249547
0.766 1.1922 0.24867
0.767 1.18903 0.247953
0.768 1.18779 0.247143
0.769 1.18686 0.246413
0.77 1.18347 0.245693
0.771 1.18434 0.244927
0.772 1.18169 0.244203
0.773 1.1816 0.24345
0.774 1.18147 0.2427
0.775 1.18189 0.242013
0.776 1.18179 0.24124
0.777 1.18304 0.240553
0.778 1.18133 0.2398
0.779 1.18132 0.23903
0.78 1.18142 0.238223
0.781 1.18083 0.237553
0.782 1.18336 0.236797
0.783 1.18169 0.23599
0.784 1.17821 0.2352
0.785 1.17991 0.234427
0.786 1.17807 0.233647
0.787 1.18024 0.232777
0.788 1.17457 0.232023
0.789 1.17429 0.231267
0.79 1.17441 0.230437
0.791 1.17054 0.22964
0.792 1.1715 0.228813
0.793 1.16862 0.22801
0.794 1.1675 0.227213
0.795 1.16434 0.226437
0.796 1.16438 0.22559
0.797 1.16263 0.224913
0.798 1.16252 0.224083
0.799 1.16092 0.223343
0.8 1.16274 0.222523
0.801 1.15801 0.221817
0.802 1.15825 0.221093
0.803 1.15976 0.220327
0.804 1.15901 0.219603
0.805 1.1555 0.2188
0.806 1.15371 0.21807
0.807 1.15391 0.217347
0.808 1.15441 0.216557
0.809 1.15302 0.215723
0.81 1.15222 0.21497
0.811 1.15154 0.21421
0.812 1.15265 0.213307
0.813 1.15198 0.21252
0.814 1.14908 0.211733
0.815 1.14816 0.210977
0.816 1.14723 0.21022
0.817 1.14342 0.209357
0.818 1.14229 0.208617
0.819 1.13795 0.207833
0.82 1.13816 0.207047
0.821 1.13906 0.20615
0.822 1.13827 0.20532
0.823 1.14101 0.20452
0.824 1.14526 0.203667
0.825 1.14677 0.202873
0.826 1.14477 0.202043
0.827 1.14326 0.201127
0.828 1.14329 0.20035
0.829 1.13985 0.19955
0.83 1.14071 0.19861
0.831 1.1385 0.197777
0.832 1.13625 0.196953
0.833 1.1342 0.196057
0.834 1.13441 0.195237
0.835 1.13511 0.194327
0.836 1.13119 0.193507
0.837 1.12939 0.192553
0.838 1.13065 0.191777
0.839 1.12727 0.191053
0.84 1.12425 0.19028
0.841 1.12266 0.189247
0.842 1.12428 0.188387
0.843 1.1229 0.18755
0.844 1.12141 0.186713
0.845 1.12196 0.185813
0.846 1.12085 0.18491
0.847 1.11787 0.184073
0.848 1.11601 0.18326
0.849 1.11301 0.182403
0.85 1.10776 0.181613
0.851 1.10823 0.180667
0.852 1.10994 0.17977
0.853 1.11287 0.178957
0.854 1.11118 0.178093
0.855 1.11219 0.177323
0.856 1.11056 0.176413
0.857 1.11457 0.17543
0.858 1.11782 0.17454
0.859 1.1216 0.173603
0.86 1.12341 0.17266
0.861 1.12693 0.17175
0.862 1.12554 0.170807
0.863 1.1256 0.169883
0.864 1.12543 0.169
0.865 1.12364 0.16809
0.866 1.11795 0.167207
0.867 1.12077 0.166397
0.868 1.12206 0.16555
0.869 1.12029 0.164607
0.87 1.12398 0.163677
0.871 1.12213 0.162723
0.872 1.12546 0.16186
0.873 1.12544 0.160903
0.874 1.12781 0.159897
0.875 1.12777 0.158943
0.876 1.12978 0.157983
0.877 1.12738 0.157057
0.878 1.1207 0.156133
0.879 1.12101 0.155087
0.88 1.12354 0.154033
0.881 1.12804 0.153027
0.882 1.12548 0.152083
0.883 1.12101 0.151083
0.884 1.12505 0.15012
0.885 1.12267 0.149113
0.886 1.12921 0.148143
0.887 1.12957 0.147083
0.888 1.12961 0.14605
0.889 1.1295 0.145033
0.89 1.13415 0.144033
0.891 1.13658 0.143013
0.892 1.13133 0.141983
0.893 1.13041 0.14103
0.894 1.12187 0.140037
0.895 1.12414 0.13899
0.896 1.12289 0.138053
0.897 1.12504 0.13701
0.898 1.11869 0.135977
0.899 1.11482 0.134977
0.9 1.11929 0.133993
0.901 1.11514 0.132983
0.902 1.12262 0.131987
0.903 1.12473 0.130933
0.904 1.12964 0.129893
0.905 1.12586 0.128813
0.906 1.12104 0.127817
0.907 1.11302 0.126813
0.908 1.10835 0.125747
0.909 1.10939 0.124757
0.91 1.1173 0.12374
0.911 1.12239 0.12269
0.912 1.12787 0.121607
0.913 1.12973 0.120557
0.914 1.13202 0.119443
0.915 1.1349 0.118287
0.916 1.12961 0.117193
0.917 1.13852 0.11615
0.918 1.14063 0.11505
0.919 1.14626 0.114007
0.92 1.14348 0.112977
0.921 1.14164 0.111853
0.922 1.14334 0.110767
0.923 1.1331 0.109647
0.924 1.12585 0.108577
0.925 1.13079 0.107547
0.926 1.11915 0.10643
0.927 1.12543 0.105287
0.928 1.12757 0.10408
0.929 1.1285 0.10298
0.93 1.12435 0.101867
0.931 1.12611 0.100693
0.932 1.13281 0.0995133
0.933 1.13028 0.09824
0.934 1.12744 0.09698
0.935 1.12335 0.0958133
0.936 1.11342 0.0945933
0.937 1.10833 0.0934333
0.938 1.10264 0.0922667
0.939 1.08407 0.0910667
0.94 1.08992 0.0898933
0.941 1.0965 0.0886933
0.942 1.08319 0.08744
0.943 1.08954 0.08625
0.944 1.08746 0.0851233
0.945 1.08516 0.08402
0.946 1.08406 0.0827867
0.947 1.0762 0.0814367
0.948 1.08294 0.0801567
0.949 1.08003 0.0789733
0.95 1.06936 0.07767
0.951 1.05731 0.0763933
0.952 1.05529 0.0750467
0.953 1.06038 0.0738
0.954 1.07603 0.07256
0.955 1.07295 0.0712033
0.956 1.05704 0.06993
0.957 1.07333 0.0687133
0.958 1.01954 0.0674033
0.959 1.03711 0.0661133
0.96 1.05678 0.0646933
0.961 1.02363 0.06324
0.962 1.04419 0.0617867
0.963 1.04975 0.06043
0.964 1.00926 0.0589467
0.965 1.02996 0.0575233
0.966 1.03761 0.05601
0.967 1.042 0.0546167
0.968 1.04659 0.0531933
0.969 1.05344 0.0516567
0.97 1.01643 0.0500867
0.971 0.969736 0.0486067
0.972 0.971125 0.0470667
0.973 0.998164 0.0455467
0.974 0.966493 0.04408
0.975 0.996439 0.0424833
0.976 0.99837 0.0407733
0.977 0.957179 0.03916
0.978 0.993833 0.03748
0.979 0.94374 0.0357933
0.98 0.983364 0.0341333
0.981 1.02679 0.03238
0.982 1.01312 0.0307567
0.983 0.927108 0.0290367
0.984 0.977173 0.0273
0.985 0.943402 0.02566
0.986 0.893124 0.0237333
0.987 0.817501 0.0218367
0.988 0.682673 0.02009
0.989 0.426701 0.01833
0.99 0.437252 0.0164667
0.991 0.454937 0.01464
0.992 0.469031 0.01272
0.993 0.484073 0.0108133
0.994 0.532791 0.00889
0.995 0.620986 0.00694667
0.996 0.653395 0.00511667
0.997 0.76289 0.00342667
0.998 0.744234 0.00184
0.999 0.154213 0.00053
