Threshold Error Accuracy 2B2JPredictHH
0.000000 3.378224 0.580278 0.001990
0.001000 3.378224 0.580278 0.001990
0.002000 3.378224 0.580278 0.001990
0.003000 3.378224 0.580278 0.001990
0.004000 3.378224 0.580278 0.001990
0.005000 3.378224 0.580278 0.001990
0.006000 3.378224 0.580278 0.001990
0.007000 3.378224 0.580278 0.001990
0.008000 3.378224 0.580278 0.001990
0.009000 3.378224 0.580278 0.001990
0.010000 3.378224 0.580278 0.001990
0.011000 3.378224 0.580278 0.001990
0.012000 3.378224 0.580278 0.001990
0.013000 3.378224 0.580278 0.001990
0.014000 3.378224 0.580278 0.001990
0.015000 3.378224 0.580278 0.001990
0.016000 3.378224 0.580278 0.001990
0.017000 3.378224 0.580278 0.001990
0.018000 3.378224 0.580278 0.001990
0.019000 3.378224 0.580278 0.001990
0.020000 3.378224 0.580278 0.001990
0.021000 3.378224 0.580278 0.001990
0.022000 3.378224 0.580278 0.001990
0.023000 3.378224 0.580278 0.001990
0.024000 3.378224 0.580278 0.001990
0.025000 3.378224 0.580278 0.001990
0.026000 3.378224 0.580278 0.001990
0.027000 3.378224 0.580278 0.001990
0.028000 3.378224 0.580278 0.001990
0.029000 3.378224 0.580278 0.001990
0.030000 3.378224 0.580278 0.001990
0.031000 3.378224 0.580278 0.001990
0.032000 3.378224 0.580278 0.001990
0.033000 3.378224 0.580278 0.001990
0.034000 3.378224 0.580278 0.001990
0.035000 3.378224 0.580278 0.001990
0.036000 3.378224 0.580278 0.001990
0.037000 3.378224 0.580278 0.001990
0.038000 3.378224 0.580278 0.001990
0.039000 3.378224 0.580278 0.001990
0.040000 3.378224 0.580278 0.001990
0.041000 3.378224 0.580278 0.001990
0.042000 3.378224 0.580278 0.001990
0.043000 3.378224 0.580278 0.001990
0.044000 3.378224 0.580278 0.001990
0.045000 3.378224 0.580278 0.001990
0.046000 3.378224 0.580278 0.001990
0.047000 3.378224 0.580278 0.001990
0.048000 3.378224 0.580278 0.001990
0.049000 3.378224 0.580278 0.001990
0.050000 3.378224 0.580278 0.001990
0.051000 3.378224 0.580278 0.001990
0.052000 3.378224 0.580278 0.001990
0.053000 3.378224 0.580278 0.001990
0.054000 3.378224 0.580278 0.001990
0.055000 3.378224 0.580278 0.001990
0.056000 3.378224 0.580278 0.001990
0.057000 3.378224 0.580278 0.001990
0.058000 3.378224 0.580278 0.001990
0.059000 3.378224 0.580278 0.001990
0.060000 3.378224 0.580278 0.001990
0.061000 3.378224 0.580278 0.001990
0.062000 3.378224 0.580278 0.001990
0.063000 3.378224 0.580278 0.001990
0.064000 3.378224 0.580278 0.001990
0.065000 3.378224 0.580278 0.001990
0.066000 3.378224 0.580278 0.001990
0.067000 3.378224 0.580278 0.001990
0.068000 3.378224 0.580278 0.001990
0.069000 3.378224 0.580278 0.001990
0.070000 3.378224 0.580278 0.001990
0.071000 3.378224 0.580278 0.001990
0.072000 3.378224 0.580278 0.001990
0.073000 3.378224 0.580278 0.001990
0.074000 3.378224 0.580278 0.001990
0.075000 3.378224 0.580278 0.001990
0.076000 3.378224 0.580278 0.001990
0.077000 3.378224 0.580278 0.001990
0.078000 3.378224 0.580278 0.001990
0.079000 3.378224 0.580278 0.001990
0.080000 3.378224 0.580278 0.001990
0.081000 3.378224 0.580278 0.001990
0.082000 3.378224 0.580278 0.001990
0.083000 3.378224 0.580278 0.001990
0.084000 3.378224 0.580278 0.001990
0.085000 3.378224 0.580278 0.001990
0.086000 3.378224 0.580278 0.001990
0.087000 3.378224 0.580278 0.001990
0.088000 3.378224 0.580278 0.001990
0.089000 3.378224 0.580278 0.001990
0.090000 3.378224 0.580278 0.001990
0.091000 3.378224 0.580278 0.001990
0.092000 3.378224 0.580278 0.001990
0.093000 3.378224 0.580278 0.001990
0.094000 3.378224 0.580278 0.001990
0.095000 3.378224 0.580278 0.001990
0.096000 3.378224 0.580278 0.001990
0.097000 3.378224 0.580278 0.001990
0.098000 3.378224 0.580278 0.001990
0.099000 3.378224 0.580278 0.001990
0.100000 3.378224 0.580278 0.001990
0.101000 3.378224 0.580278 0.001990
0.102000 3.378224 0.580278 0.001990
0.103000 3.378224 0.580278 0.001990
0.104000 3.378224 0.580278 0.001990
0.105000 3.378224 0.580278 0.001990
0.106000 3.378224 0.580278 0.001990
0.107000 3.378224 0.580278 0.001990
0.108000 3.378224 0.580278 0.001990
0.109000 3.378224 0.580278 0.001990
0.110000 3.378224 0.580278 0.001990
0.111000 3.378224 0.580278 0.001990
0.112000 3.378224 0.580278 0.001990
0.113000 3.378224 0.580278 0.001990
0.114000 3.378224 0.580278 0.001990
0.115000 3.378224 0.580278 0.001990
0.116000 3.378224 0.580278 0.001990
0.117000 3.378224 0.580278 0.001990
0.118000 3.378224 0.580278 0.001990
0.119000 3.378224 0.580278 0.001990
0.120000 3.378224 0.580278 0.001990
0.121000 3.378224 0.580278 0.001990
0.122000 3.378224 0.580278 0.001990
0.123000 3.378224 0.580278 0.001990
0.124000 3.378224 0.580278 0.001990
0.125000 3.378224 0.580278 0.001990
0.126000 3.378224 0.580278 0.001990
0.127000 3.378224 0.580278 0.001990
0.128000 3.378224 0.580278 0.001990
0.129000 3.378224 0.580278 0.001990
0.130000 3.378224 0.580278 0.001990
0.131000 3.378224 0.580278 0.001990
0.132000 3.378224 0.580278 0.001990
0.133000 3.378224 0.580278 0.001990
0.134000 3.378224 0.580278 0.001990
0.135000 3.378224 0.580278 0.001990
0.136000 3.378224 0.580278 0.001990
0.137000 3.378224 0.580278 0.001990
0.138000 3.378224 0.580278 0.001990
0.139000 3.378224 0.580278 0.001990
0.140000 3.378224 0.580278 0.001990
0.141000 3.378224 0.580278 0.001990
0.142000 3.378224 0.580278 0.001990
0.143000 3.378224 0.580278 0.001990
0.144000 3.378224 0.580278 0.001990
0.145000 3.378224 0.580278 0.001990
0.146000 3.378224 0.580278 0.001990
0.147000 3.378224 0.580278 0.001990
0.148000 3.378224 0.580278 0.001990
0.149000 3.378224 0.580278 0.001990
0.150000 3.378224 0.580278 0.001990
0.151000 3.378224 0.580278 0.001990
0.152000 3.378224 0.580278 0.001990
0.153000 3.378224 0.580278 0.001990
0.154000 3.378224 0.580278 0.001990
0.155000 3.378224 0.580278 0.001990
0.156000 3.378224 0.580278 0.001990
0.157000 3.378224 0.580278 0.001990
0.158000 3.378224 0.580278 0.001990
0.159000 3.378224 0.580278 0.001990
0.160000 3.378224 0.580278 0.001990
0.161000 3.378224 0.580278 0.001990
0.162000 3.378224 0.580278 0.001990
0.163000 3.378224 0.580278 0.001990
0.164000 3.378224 0.580278 0.001990
0.165000 3.378224 0.580278 0.001990
0.166000 3.378224 0.580278 0.001990
0.167000 3.378224 0.580278 0.001990
0.168000 3.378224 0.580278 0.001990
0.169000 3.378224 0.580278 0.001990
0.170000 3.378224 0.580278 0.001990
0.171000 3.378224 0.580278 0.001990
0.172000 3.378224 0.580278 0.001990
0.173000 3.378224 0.580278 0.001990
0.174000 3.378224 0.580278 0.001990
0.175000 3.378224 0.580278 0.001990
0.176000 3.378224 0.580278 0.001990
0.177000 3.378224 0.580278 0.001990
0.178000 3.378224 0.580278 0.001990
0.179000 3.378224 0.580278 0.001990
0.180000 3.378224 0.580278 0.001990
0.181000 3.378224 0.580278 0.001990
0.182000 3.378224 0.580278 0.001990
0.183000 3.378224 0.580278 0.001990
0.184000 3.378224 0.580278 0.001990
0.185000 3.378224 0.580278 0.001990
0.186000 3.378224 0.580278 0.001990
0.187000 3.378224 0.580278 0.001990
0.188000 3.378224 0.580278 0.001990
0.189000 3.378224 0.580278 0.001990
0.190000 3.378224 0.580278 0.001990
0.191000 3.378224 0.580278 0.001990
0.192000 3.378224 0.580278 0.001990
0.193000 3.378222 0.580278 0.001990
0.194000 3.378224 0.580278 0.001990
0.195000 3.378224 0.580278 0.001990
0.196000 3.378224 0.580278 0.001990
0.197000 3.378226 0.580278 0.001990
0.198000 3.378226 0.580278 0.001990
0.199000 3.378226 0.580278 0.001990
0.200000 3.378228 0.580277 0.001990
0.201000 3.378228 0.580277 0.001990
0.202000 3.378230 0.580277 0.001990
0.203000 3.378230 0.580277 0.001990
0.204000 3.378230 0.580277 0.001990
0.205000 3.378230 0.580277 0.001990
0.206000 3.378227 0.580277 0.001990
0.207000 3.378227 0.580277 0.001990
0.208000 3.378227 0.580277 0.001990
0.209000 3.378227 0.580277 0.001990
0.210000 3.378231 0.580276 0.001990
0.211000 3.378235 0.580275 0.001990
0.212000 3.378235 0.580275 0.001990
0.213000 3.378233 0.580275 0.001990
0.214000 3.378231 0.580275 0.001990
0.215000 3.377969 0.580274 0.001990
0.216000 3.377966 0.580274 0.001990
0.217000 3.377966 0.580274 0.001990
0.218000 3.377969 0.580273 0.001990
0.219000 3.377963 0.580273 0.001990
0.220000 3.377962 0.580273 0.001990
0.221000 3.377961 0.580273 0.001990
0.222000 3.377966 0.580271 0.001990
0.223000 3.377702 0.580271 0.001989
0.224000 3.377706 0.580270 0.001989
0.225000 3.377708 0.580268 0.001989
0.226000 3.377709 0.580268 0.001989
0.227000 3.377714 0.580266 0.001989
0.228000 3.377453 0.580264 0.001989
0.229000 3.377190 0.580263 0.001989
0.230000 3.377195 0.580262 0.001989
0.231000 3.377201 0.580259 0.001989
0.232000 3.376944 0.580258 0.001988
0.233000 3.376945 0.580257 0.001988
0.234000 3.376948 0.580255 0.001988
0.235000 3.376958 0.580252 0.001988
0.236000 3.376962 0.580250 0.001988
0.237000 3.376963 0.580249 0.001988
0.238000 3.376976 0.580245 0.001988
0.239000 3.376979 0.580244 0.001988
0.240000 3.376716 0.580242 0.001988
0.241000 3.376728 0.580239 0.001988
0.242000 3.376466 0.580237 0.001988
0.243000 3.376475 0.580234 0.001988
0.244000 3.376208 0.580232 0.001987
0.245000 3.375951 0.580229 0.001987
0.246000 3.375958 0.580225 0.001987
0.247000 3.375971 0.580221 0.001987
0.248000 3.375710 0.580215 0.001987
0.249000 3.375715 0.580213 0.001987
0.250000 3.375729 0.580208 0.001987
0.251000 3.375468 0.580203 0.001986
0.252000 3.375211 0.580199 0.001986
0.253000 3.375227 0.580193 0.001986
0.254000 3.374971 0.580189 0.001986
0.255000 3.374459 0.580182 0.001985
0.256000 3.373689 0.580174 0.001984
0.257000 3.373697 0.580169 0.001984
0.258000 3.373459 0.580161 0.001984
0.259000 3.372936 0.580154 0.001983
0.260000 3.372430 0.580145 0.001982
0.261000 3.372463 0.580136 0.001982
0.262000 3.372219 0.580128 0.001982
0.263000 3.372237 0.580120 0.001982
0.264000 3.372007 0.580110 0.001981
0.265000 3.371246 0.580099 0.001980
0.266000 3.371012 0.580088 0.001980
0.267000 3.370504 0.580078 0.001979
0.268000 3.369991 0.580069 0.001979
0.269000 3.369506 0.580054 0.001978
0.270000 3.368208 0.580042 0.001976
0.271000 3.367720 0.580028 0.001976
0.272000 3.367496 0.580012 0.001975
0.273000 3.367262 0.580000 0.001975
0.274000 3.366773 0.579984 0.001974
0.275000 3.366021 0.579969 0.001973
0.276000 3.365011 0.579951 0.001972
0.277000 3.363480 0.579931 0.001970
0.278000 3.363559 0.579910 0.001970
0.279000 3.363609 0.579889 0.001970
0.280000 3.363667 0.579870 0.001970
0.281000 3.362966 0.579843 0.001969
0.282000 3.361703 0.579821 0.001967
0.283000 3.360170 0.579798 0.001965
0.284000 3.358905 0.579774 0.001964
0.285000 3.358688 0.579754 0.001963
0.286000 3.357696 0.579730 0.001962
0.287000 3.357495 0.579705 0.001961
0.288000 3.357040 0.579680 0.001961
0.289000 3.356914 0.579642 0.001960
0.290000 3.356759 0.579608 0.001960
0.291000 3.355499 0.579580 0.001958
0.292000 3.354565 0.579544 0.001957
0.293000 3.353617 0.579510 0.001956
0.294000 3.353208 0.579475 0.001955
0.295000 3.351990 0.579442 0.001953
0.296000 3.351339 0.579403 0.001952
0.297000 3.351160 0.579370 0.001952
0.298000 3.349717 0.579325 0.001950
0.299000 3.347966 0.579289 0.001948
0.300000 3.346759 0.579251 0.001946
0.301000 3.346347 0.579215 0.001945
0.302000 3.345444 0.579170 0.001944
0.303000 3.344811 0.579123 0.001943
0.304000 3.343096 0.579077 0.001940
0.305000 3.340333 0.579026 0.001937
0.306000 3.338903 0.578975 0.001935
0.307000 3.337173 0.578924 0.001932
0.308000 3.335194 0.578872 0.001930
0.309000 3.334603 0.578815 0.001929
0.310000 3.334014 0.578759 0.001928
0.311000 3.332632 0.578699 0.001926
0.312000 3.332280 0.578646 0.001925
0.313000 3.330048 0.578589 0.001922
0.314000 3.328690 0.578524 0.001920
0.315000 3.327068 0.578457 0.001917
0.316000 3.325966 0.578390 0.001916
0.317000 3.322911 0.578327 0.001912
0.318000 3.321591 0.578251 0.001910
0.319000 3.319912 0.578192 0.001907
0.320000 3.318296 0.578120 0.001905
0.321000 3.315830 0.578046 0.001901
0.322000 3.314233 0.577970 0.001899
0.323000 3.312590 0.577897 0.001897
0.324000 3.310660 0.577828 0.001894
0.325000 3.308473 0.577754 0.001891
0.326000 3.306326 0.577669 0.001888
0.327000 3.304738 0.577583 0.001886
0.328000 3.302912 0.577491 0.001883
0.329000 3.301841 0.577410 0.001881
0.330000 3.300009 0.577320 0.001878
0.331000 3.297883 0.577233 0.001875
0.332000 3.296561 0.577142 0.001873
0.333000 3.293927 0.577045 0.001870
0.334000 3.289686 0.576937 0.001864
0.335000 3.287572 0.576838 0.001861
0.336000 3.285147 0.576741 0.001857
0.337000 3.284139 0.576640 0.001856
0.338000 3.281527 0.576528 0.001852
0.339000 3.278363 0.576415 0.001848
0.340000 3.276359 0.576294 0.001845
0.341000 3.275965 0.576179 0.001843
0.342000 3.274512 0.576055 0.001841
0.343000 3.272552 0.575924 0.001838
0.344000 3.269138 0.575804 0.001833
0.345000 3.267143 0.575672 0.001830
0.346000 3.265696 0.575545 0.001828
0.347000 3.263113 0.575417 0.001824
0.348000 3.260003 0.575287 0.001820
0.349000 3.256864 0.575161 0.001815
0.350000 3.255328 0.575039 0.001813
0.351000 3.253740 0.574886 0.001810
0.352000 3.251129 0.574759 0.001807
0.353000 3.249185 0.574613 0.001803
0.354000 3.247226 0.574468 0.001800
0.355000 3.243855 0.574324 0.001796
0.356000 3.243626 0.574172 0.001795
0.357000 3.241125 0.574021 0.001791
0.358000 3.237765 0.573866 0.001786
0.359000 3.236121 0.573711 0.001783
0.360000 3.232249 0.573550 0.001778
0.361000 3.230334 0.573400 0.001775
0.362000 3.225057 0.573238 0.001768
0.363000 3.222653 0.573067 0.001764
0.364000 3.220840 0.572887 0.001761
0.365000 3.217860 0.572712 0.001757
0.366000 3.214827 0.572546 0.001752
0.367000 3.214405 0.572372 0.001751
0.368000 3.212537 0.572193 0.001748
0.369000 3.209564 0.572007 0.001743
0.370000 3.206812 0.571832 0.001739
0.371000 3.203886 0.571641 0.001735
0.372000 3.201803 0.571451 0.001732
0.373000 3.200039 0.571256 0.001729
0.374000 3.196807 0.571064 0.001724
0.375000 3.192343 0.570879 0.001718
0.376000 3.189982 0.570676 0.001714
0.377000 3.188224 0.570470 0.001711
0.378000 3.184696 0.570273 0.001706
0.379000 3.180609 0.570065 0.001700
0.380000 3.175885 0.569864 0.001694
0.381000 3.172098 0.569652 0.001688
0.382000 3.170736 0.569427 0.001686
0.383000 3.166687 0.569205 0.001680
0.384000 3.162037 0.568987 0.001673
0.385000 3.159423 0.568763 0.001669
0.386000 3.157767 0.568527 0.001666
0.387000 3.153704 0.568305 0.001660
0.388000 3.149389 0.568059 0.001654
0.389000 3.147486 0.567814 0.001651
0.390000 3.143067 0.567589 0.001645
0.391000 3.140613 0.567330 0.001641
0.392000 3.138962 0.567086 0.001638
0.393000 3.134641 0.566835 0.001632
0.394000 3.131502 0.566585 0.001627
0.395000 3.130177 0.566334 0.001624
0.396000 3.127346 0.566076 0.001620
0.397000 3.123857 0.565828 0.001615
0.398000 3.121629 0.565571 0.001611
0.399000 3.119118 0.565302 0.001607
0.400000 3.116964 0.565026 0.001603
0.401000 3.112545 0.564775 0.001597
0.402000 3.109374 0.564517 0.001592
0.403000 3.106835 0.564256 0.001588
0.404000 3.103491 0.563975 0.001583
0.405000 3.101287 0.563702 0.001579
0.406000 3.097242 0.563422 0.001574
0.407000 3.095994 0.563137 0.001571
0.408000 3.093498 0.562861 0.001567
0.409000 3.090133 0.562566 0.001562
0.410000 3.088068 0.562262 0.001558
0.411000 3.084050 0.561970 0.001552
0.412000 3.083087 0.561685 0.001550
0.413000 3.079965 0.561402 0.001545
0.414000 3.077838 0.561110 0.001541
0.415000 3.073844 0.560808 0.001536
0.416000 3.068909 0.560502 0.001529
0.417000 3.067144 0.560193 0.001526
0.418000 3.063785 0.559877 0.001520
0.419000 3.058564 0.559555 0.001513
0.420000 3.054415 0.559217 0.001507
0.421000 3.051176 0.558874 0.001502
0.422000 3.050362 0.558547 0.001500
0.423000 3.048944 0.558220 0.001497
0.424000 3.046185 0.557889 0.001492
0.425000 3.044712 0.557570 0.001489
0.426000 3.042409 0.557227 0.001485
0.427000 3.040679 0.556895 0.001482
0.428000 3.037290 0.556566 0.001477
0.429000 3.035114 0.556247 0.001473
0.430000 3.033077 0.555896 0.001469
0.431000 3.028880 0.555532 0.001463
0.432000 3.025560 0.555175 0.001458
0.433000 3.019921 0.554836 0.001451
0.434000 3.016098 0.554460 0.001445
0.435000 3.013707 0.554112 0.001441
0.436000 3.012801 0.553731 0.001438
0.437000 3.008261 0.553363 0.001432
0.438000 3.002710 0.552981 0.001424
0.439000 2.998880 0.552590 0.001418
0.440000 2.994795 0.552237 0.001413
0.441000 2.993152 0.551866 0.001409
0.442000 2.989945 0.551469 0.001404
0.443000 2.988715 0.551081 0.001401
0.444000 2.985505 0.550673 0.001396
0.445000 2.982989 0.550270 0.001392
0.446000 2.979451 0.549865 0.001386
0.447000 2.976198 0.549472 0.001381
0.448000 2.971924 0.549065 0.001375
0.449000 2.969398 0.548643 0.001371
0.450000 2.966404 0.548242 0.001366
0.451000 2.963086 0.547838 0.001361
0.452000 2.959117 0.547425 0.001355
0.453000 2.953458 0.547001 0.001348
0.454000 2.951172 0.546591 0.001343
0.455000 2.947934 0.546163 0.001338
0.456000 2.943620 0.545737 0.001332
0.457000 2.940423 0.545289 0.001327
0.458000 2.937858 0.544852 0.001323
0.459000 2.931525 0.544411 0.001315
0.460000 2.927168 0.543976 0.001309
0.461000 2.924658 0.543517 0.001304
0.462000 2.921109 0.543071 0.001299
0.463000 2.917118 0.542620 0.001293
0.464000 2.914940 0.542160 0.001289
0.465000 2.911127 0.541676 0.001283
0.466000 2.909375 0.541197 0.001279
0.467000 2.905065 0.540719 0.001273
0.468000 2.903284 0.540243 0.001270
0.469000 2.898722 0.539754 0.001263
0.470000 2.893321 0.539276 0.001256
0.471000 2.887981 0.538782 0.001249
0.472000 2.883548 0.538311 0.001243
0.473000 2.880615 0.537832 0.001238
0.474000 2.876741 0.537324 0.001232
0.475000 2.871740 0.536817 0.001225
0.476000 2.867585 0.536282 0.001219
0.477000 2.864404 0.535764 0.001214
0.478000 2.861632 0.535237 0.001210
0.479000 2.858426 0.534725 0.001204
0.480000 2.856136 0.534177 0.001200
0.481000 2.850744 0.533643 0.001193
0.482000 2.848319 0.533117 0.001189
0.483000 2.844762 0.532582 0.001183
0.484000 2.840492 0.532032 0.001177
0.485000 2.839660 0.531475 0.001174
0.486000 2.832609 0.530938 0.001165
0.487000 2.824956 0.530372 0.001156
0.488000 2.821908 0.529791 0.001151
0.489000 2.815965 0.529239 0.001144
0.490000 2.813650 0.528653 0.001139
0.491000 2.808202 0.528063 0.001132
0.492000 2.805441 0.527479 0.001128
0.493000 2.799229 0.526876 0.001120
0.494000 2.796892 0.526280 0.001115
0.495000 2.790303 0.525667 0.001107
0.496000 2.786030 0.525055 0.001101
0.497000 2.783341 0.524436 0.001096
0.498000 2.781462 0.523807 0.001092
0.499000 2.779198 0.523173 0.001088
0.500000 2.773709 0.522536 0.001081
0.501000 2.769121 0.521877 0.001074
0.502000 2.766193 0.521209 0.001069
0.503000 2.762074 0.520538 0.001063
0.504000 2.760672 0.519878 0.001059
0.505000 2.759633 0.519219 0.001056
0.506000 2.756097 0.518575 0.001051
0.507000 2.751290 0.517933 0.001044
0.508000 2.747541 0.517322 0.001039
0.509000 2.744386 0.516660 0.001034
0.510000 2.742364 0.516020 0.001030
0.511000 2.740737 0.515385 0.001026
0.512000 2.737871 0.514741 0.001021
0.513000 2.734165 0.514084 0.001016
0.514000 2.731238 0.513442 0.001011
0.515000 2.728262 0.512804 0.001006
0.516000 2.726237 0.512154 0.001002
0.517000 2.724592 0.511498 0.000998
0.518000 2.719550 0.510839 0.000992
0.519000 2.715868 0.510170 0.000986
0.520000 2.713222 0.509527 0.000982
0.521000 2.711026 0.508875 0.000978
0.522000 2.709629 0.508239 0.000975
0.523000 2.704957 0.507575 0.000969
0.524000 2.704554 0.506913 0.000966
0.525000 2.701480 0.506261 0.000961
0.526000 2.697727 0.505576 0.000956
0.527000 2.694334 0.504894 0.000951
0.528000 2.687589 0.504253 0.000943
0.529000 2.683971 0.503602 0.000938
0.530000 2.683446 0.502957 0.000935
0.531000 2.678056 0.502300 0.000929
0.532000 2.675750 0.501625 0.000925
0.533000 2.673752 0.500988 0.000921
0.534000 2.672278 0.500344 0.000918
0.535000 2.670037 0.499664 0.000914
0.536000 2.669115 0.499001 0.000911
0.537000 2.667572 0.498347 0.000907
0.538000 2.665606 0.497686 0.000903
0.539000 2.662197 0.497038 0.000899
0.540000 2.661001 0.496393 0.000896
0.541000 2.659010 0.495725 0.000892
0.542000 2.655598 0.495057 0.000887
0.543000 2.652235 0.494387 0.000882
0.544000 2.651983 0.493739 0.000880
0.545000 2.648507 0.493087 0.000875
0.546000 2.645090 0.492414 0.000871
0.547000 2.639269 0.491746 0.000864
0.548000 2.637146 0.491088 0.000860
0.549000 2.637259 0.490450 0.000858
0.550000 2.636512 0.489791 0.000856
0.551000 2.630629 0.489106 0.000849
0.552000 2.628493 0.488432 0.000845
0.553000 2.626226 0.487769 0.000842
0.554000 2.624385 0.487124 0.000838
0.555000 2.620206 0.486467 0.000833
0.556000 2.614487 0.485802 0.000827
0.557000 2.611172 0.485136 0.000823
0.558000 2.603251 0.484491 0.000815
0.559000 2.602286 0.483837 0.000813
0.560000 2.598027 0.483157 0.000808
0.561000 2.594192 0.482480 0.000803
0.562000 2.592751 0.481822 0.000800
0.563000 2.590872 0.481152 0.000796
0.564000 2.586945 0.480482 0.000792
0.565000 2.583452 0.479813 0.000787
0.566000 2.577348 0.479162 0.000781
0.567000 2.571742 0.478498 0.000775
0.568000 2.566123 0.477829 0.000770
0.569000 2.564706 0.477141 0.000766
0.570000 2.562780 0.476461 0.000763
0.571000 2.558052 0.475794 0.000758
0.572000 2.555292 0.475143 0.000754
0.573000 2.551148 0.474462 0.000750
0.574000 2.545713 0.473819 0.000744
0.575000 2.544099 0.473134 0.000741
0.576000 2.542481 0.472452 0.000738
0.577000 2.539380 0.471760 0.000734
0.578000 2.536573 0.471099 0.000730
0.579000 2.533809 0.470427 0.000726
0.580000 2.530501 0.469753 0.000722
0.581000 2.526681 0.469061 0.000718
0.582000 2.521181 0.468382 0.000713
0.583000 2.516647 0.467718 0.000708
0.584000 2.514780 0.467047 0.000705
0.585000 2.510711 0.466380 0.000700
0.586000 2.510668 0.465680 0.000698
0.587000 2.506653 0.464997 0.000694
0.588000 2.504119 0.464344 0.000691
0.589000 2.499944 0.463684 0.000686
0.590000 2.495764 0.463008 0.000682
0.591000 2.494138 0.462382 0.000679
0.592000 2.488844 0.461713 0.000674
0.593000 2.485461 0.460992 0.000670
0.594000 2.484161 0.460304 0.000667
0.595000 2.481548 0.459628 0.000664
0.596000 2.475335 0.458965 0.000658
0.597000 2.473273 0.458278 0.000655
0.598000 2.470737 0.457577 0.000652
0.599000 2.468440 0.456934 0.000649
0.600000 2.467452 0.456264 0.000646
0.601000 2.463462 0.455583 0.000642
0.602000 2.461323 0.454919 0.000639
0.603000 2.457974 0.454242 0.000636
0.604000 2.454066 0.453561 0.000632
0.605000 2.451734 0.452904 0.000629
0.606000 2.446563 0.452215 0.000624
0.607000 2.447362 0.451534 0.000622
0.608000 2.442102 0.450843 0.000618
0.609000 2.440946 0.450181 0.000615
0.610000 2.437488 0.449479 0.000612
0.611000 2.432108 0.448796 0.000607
0.612000 2.431585 0.448114 0.000605
0.613000 2.426164 0.447427 0.000600
0.614000 2.422499 0.446742 0.000596
0.615000 2.414227 0.446083 0.000590
0.616000 2.402962 0.445394 0.000582
0.617000 2.401749 0.444712 0.000580
0.618000 2.397879 0.444037 0.000576
0.619000 2.394762 0.443332 0.000573
0.620000 2.389524 0.442653 0.000569
0.621000 2.386292 0.441967 0.000565
0.622000 2.382955 0.441286 0.000562
0.623000 2.377632 0.440606 0.000557
0.624000 2.375574 0.439917 0.000555
0.625000 2.376795 0.439229 0.000554
0.626000 2.373029 0.438511 0.000550
0.627000 2.368100 0.437842 0.000546
0.628000 2.365333 0.437145 0.000543
0.629000 2.359132 0.436460 0.000538
0.630000 2.358414 0.435756 0.000536
0.631000 2.358170 0.435084 0.000534
0.632000 2.357236 0.434416 0.000532
0.633000 2.355049 0.433718 0.000530
0.634000 2.351469 0.433017 0.000526
0.635000 2.347117 0.432335 0.000522
0.636000 2.344939 0.431632 0.000520
0.637000 2.341910 0.430942 0.000517
0.638000 2.337637 0.430228 0.000513
0.639000 2.333757 0.429559 0.000510
0.640000 2.328691 0.428842 0.000505
0.641000 2.322822 0.428148 0.000501
0.642000 2.320353 0.427457 0.000498
0.643000 2.316462 0.426748 0.000495
0.644000 2.312412 0.426076 0.000492
0.645000 2.305676 0.425359 0.000487
0.646000 2.303077 0.424671 0.000484
0.647000 2.296883 0.423967 0.000480
0.648000 2.295093 0.423250 0.000477
0.649000 2.294716 0.422543 0.000476
0.650000 2.291384 0.421839 0.000473
0.651000 2.290904 0.421145 0.000471
0.652000 2.290625 0.420421 0.000469
0.653000 2.287869 0.419733 0.000466
0.654000 2.286173 0.418994 0.000464
0.655000 2.284927 0.418292 0.000462
0.656000 2.285313 0.417570 0.000461
0.657000 2.283370 0.416857 0.000458
0.658000 2.282100 0.416158 0.000456
0.659000 2.280735 0.415456 0.000454
0.660000 2.277297 0.414730 0.000451
0.661000 2.276069 0.414003 0.000449
0.662000 2.273407 0.413259 0.000446
0.663000 2.267294 0.412556 0.000442
0.664000 2.264455 0.411828 0.000440
0.665000 2.265499 0.411125 0.000439
0.666000 2.264913 0.410406 0.000437
0.667000 2.261899 0.409712 0.000434
0.668000 2.258101 0.408996 0.000431
0.669000 2.255147 0.408270 0.000428
0.670000 2.255354 0.407544 0.000427
0.671000 2.256474 0.406809 0.000426
0.672000 2.251886 0.406081 0.000423
0.673000 2.251149 0.405372 0.000421
0.674000 2.249489 0.404685 0.000419
0.675000 2.247202 0.403973 0.000417
0.676000 2.244106 0.403235 0.000414
0.677000 2.239059 0.402543 0.000411
0.678000 2.240772 0.401835 0.000410
0.679000 2.238296 0.401123 0.000407
0.680000 2.233404 0.400403 0.000404
0.681000 2.230838 0.399702 0.000402
0.682000 2.226719 0.398970 0.000399
0.683000 2.221654 0.398233 0.000395
0.684000 2.213940 0.397500 0.000391
0.685000 2.210409 0.396789 0.000388
0.686000 2.208764 0.396052 0.000386
0.687000 2.206293 0.395307 0.000384
0.688000 2.201911 0.394564 0.000381
0.689000 2.200011 0.393840 0.000379
0.690000 2.195552 0.393110 0.000376
0.691000 2.192074 0.392360 0.000373
0.692000 2.189162 0.391640 0.000371
0.693000 2.185473 0.390917 0.000368
0.694000 2.183672 0.390172 0.000366
0.695000 2.180845 0.389437 0.000363
0.696000 2.179659 0.388715 0.000362
0.697000 2.175878 0.387962 0.000359
0.698000 2.172091 0.387204 0.000356
0.699000 2.170123 0.386456 0.000354
0.700000 2.166264 0.385708 0.000352
0.701000 2.160542 0.384930 0.000348
0.702000 2.157425 0.384198 0.000346
0.703000 2.159224 0.383439 0.000345
0.704000 2.159947 0.382695 0.000344
0.705000 2.157714 0.381959 0.000342
0.706000 2.156445 0.381234 0.000340
0.707000 2.157031 0.380506 0.000339
0.708000 2.155791 0.379763 0.000338
0.709000 2.149606 0.379033 0.000334
0.710000 2.147343 0.378285 0.000332
0.711000 2.145043 0.377541 0.000330
0.712000 2.141693 0.376801 0.000328
0.713000 2.136511 0.376029 0.000325
0.714000 2.133076 0.375278 0.000322
0.715000 2.133998 0.374479 0.000321
0.716000 2.132635 0.373723 0.000320
0.717000 2.136474 0.372951 0.000320
0.718000 2.137198 0.372188 0.000319
0.719000 2.132927 0.371416 0.000316
0.720000 2.134539 0.370660 0.000315
0.721000 2.135304 0.369880 0.000314
0.722000 2.134073 0.369090 0.000313
0.723000 2.130440 0.368349 0.000310
0.724000 2.128902 0.367590 0.000308
0.725000 2.128587 0.366811 0.000307
0.726000 2.130436 0.366025 0.000306
0.727000 2.124888 0.365249 0.000303
0.728000 2.123213 0.364497 0.000302
0.729000 2.117154 0.363754 0.000299
0.730000 2.116506 0.363011 0.000297
0.731000 2.113827 0.362229 0.000295
0.732000 2.108981 0.361457 0.000293
0.733000 2.103205 0.360654 0.000290
0.734000 2.102522 0.359906 0.000288
0.735000 2.098452 0.359151 0.000286
0.736000 2.096532 0.358412 0.000284
0.737000 2.097183 0.357630 0.000283
0.738000 2.096701 0.356840 0.000282
0.739000 2.095970 0.356075 0.000280
0.740000 2.086150 0.355304 0.000276
0.741000 2.084407 0.354523 0.000275
0.742000 2.081426 0.353736 0.000273
0.743000 2.078274 0.352977 0.000271
0.744000 2.076281 0.352206 0.000269
0.745000 2.076758 0.351417 0.000268
0.746000 2.074825 0.350631 0.000266
0.747000 2.071360 0.349885 0.000264
0.748000 2.068240 0.349093 0.000262
0.749000 2.062634 0.348315 0.000259
0.750000 2.058179 0.347524 0.000257
0.751000 2.058556 0.346720 0.000256
0.752000 2.052760 0.345924 0.000253
0.753000 2.054195 0.345149 0.000253
0.754000 2.052072 0.344354 0.000251
0.755000 2.052423 0.343555 0.000250
0.756000 2.046595 0.342744 0.000247
0.757000 2.046883 0.341944 0.000246
0.758000 2.047148 0.341140 0.000245
0.759000 2.048823 0.340328 0.000244
0.760000 2.046818 0.339497 0.000243
0.761000 2.045879 0.338706 0.000241
0.762000 2.042251 0.337884 0.000239
0.763000 2.038824 0.337062 0.000237
0.764000 2.041781 0.336243 0.000237
0.765000 2.032838 0.335443 0.000234
0.766000 2.030218 0.334667 0.000232
0.767000 2.024110 0.333821 0.000229
0.768000 2.020510 0.332974 0.000227
0.769000 2.017797 0.332178 0.000225
0.770000 2.011020 0.331373 0.000223
0.771000 2.011188 0.330556 0.000222
0.772000 2.005701 0.329741 0.000219
0.773000 2.004303 0.328928 0.000218
0.774000 2.002815 0.328122 0.000217
0.775000 2.002917 0.327294 0.000216
0.776000 2.001444 0.326462 0.000214
0.777000 2.002958 0.325630 0.000214
0.778000 1.999020 0.324778 0.000212
0.779000 1.997589 0.323964 0.000210
0.780000 1.996057 0.323146 0.000209
0.781000 1.994707 0.322295 0.000207
0.782000 1.997719 0.321470 0.000207
0.783000 1.993368 0.320621 0.000205
0.784000 1.986036 0.319783 0.000202
0.785000 1.987575 0.318946 0.000202
0.786000 1.983054 0.318111 0.000200
0.787000 1.984472 0.317284 0.000199
0.788000 1.973814 0.316437 0.000196
0.789000 1.972243 0.315582 0.000194
0.790000 1.970736 0.314721 0.000193
0.791000 1.962922 0.313846 0.000190
0.792000 1.962857 0.312981 0.000189
0.793000 1.956567 0.312116 0.000187
0.794000 1.953206 0.311263 0.000185
0.795000 1.946653 0.310401 0.000183
0.796000 1.944818 0.309543 0.000181
0.797000 1.941435 0.308687 0.000180
0.798000 1.939509 0.307825 0.000178
0.799000 1.935881 0.306960 0.000177
0.800000 1.937197 0.306102 0.000176
0.801000 1.928476 0.305265 0.000173
0.802000 1.928145 0.304383 0.000172
0.803000 1.929449 0.303519 0.000172
0.804000 1.927526 0.302628 0.000170
0.805000 1.920207 0.301755 0.000168
0.806000 1.916396 0.300878 0.000166
0.807000 1.916077 0.299981 0.000165
0.808000 1.915720 0.299077 0.000164
0.809000 1.911908 0.298160 0.000162
0.810000 1.909600 0.297272 0.000161
0.811000 1.907402 0.296388 0.000160
0.812000 1.906823 0.295512 0.000159
0.813000 1.904559 0.294600 0.000157
0.814000 1.898744 0.293669 0.000155
0.815000 1.896526 0.292726 0.000154
0.816000 1.894326 0.291780 0.000153
0.817000 1.886259 0.290854 0.000150
0.818000 1.883737 0.289926 0.000149
0.819000 1.875643 0.288983 0.000146
0.820000 1.874957 0.288048 0.000145
0.821000 1.874125 0.287154 0.000144
0.822000 1.871285 0.286233 0.000143
0.823000 1.874399 0.285330 0.000143
0.824000 1.879497 0.284425 0.000143
0.825000 1.881002 0.283461 0.000142
0.826000 1.876333 0.282512 0.000140
0.827000 1.871490 0.281587 0.000139
0.828000 1.870610 0.280638 0.000138
0.829000 1.863911 0.279678 0.000136
0.830000 1.862909 0.278720 0.000135
0.831000 1.857814 0.277772 0.000133
0.832000 1.852833 0.276811 0.000131
0.833000 1.847270 0.275882 0.000129
0.834000 1.846565 0.274885 0.000128
0.835000 1.845586 0.273917 0.000127
0.836000 1.837927 0.272953 0.000125
0.837000 1.832359 0.272000 0.000124
0.838000 1.833511 0.271034 0.000123
0.839000 1.827696 0.270061 0.000121
0.840000 1.821695 0.269132 0.000120
0.841000 1.815707 0.268173 0.000118
0.842000 1.816765 0.267183 0.000117
0.843000 1.813389 0.266164 0.000116
0.844000 1.809584 0.265182 0.000115
0.845000 1.808579 0.264179 0.000114
0.846000 1.804695 0.263201 0.000112
0.847000 1.798435 0.262224 0.000111
0.848000 1.794375 0.261220 0.000109
0.849000 1.788207 0.260194 0.000107
0.850000 1.779019 0.259177 0.000105
0.851000 1.777473 0.258160 0.000104
0.852000 1.778479 0.257130 0.000104
0.853000 1.782182 0.256109 0.000103
0.854000 1.778172 0.255060 0.000102
0.855000 1.779303 0.254025 0.000101
0.856000 1.774760 0.252997 0.000100
0.857000 1.778493 0.251965 0.000100
0.858000 1.781685 0.250968 0.000099
0.859000 1.785442 0.249938 0.000099
0.860000 1.786122 0.248888 0.000098
0.861000 1.789565 0.247873 0.000098
0.862000 1.785036 0.246833 0.000097
0.863000 1.782990 0.245792 0.000096
0.864000 1.781080 0.244741 0.000095
0.865000 1.776578 0.243651 0.000093
0.866000 1.765913 0.242600 0.000091
0.867000 1.769749 0.241509 0.000091
0.868000 1.770667 0.240431 0.000090
0.869000 1.765861 0.239334 0.000089
0.870000 1.769730 0.238244 0.000088
0.871000 1.764480 0.237170 0.000087
0.872000 1.768497 0.236074 0.000087
0.873000 1.766035 0.235002 0.000086
0.874000 1.766951 0.233902 0.000085
0.875000 1.764527 0.232818 0.000084
0.876000 1.765475 0.231700 0.000083
0.877000 1.759859 0.230586 0.000082
0.878000 1.747753 0.229450 0.000080
0.879000 1.745014 0.228333 0.000079
0.880000 1.745471 0.227235 0.000078
0.881000 1.749852 0.226086 0.000078
0.882000 1.743567 0.224990 0.000077
0.883000 1.734229 0.223823 0.000075
0.884000 1.738415 0.222659 0.000075
0.885000 1.732105 0.221501 0.000073
0.886000 1.740038 0.220333 0.000073
0.887000 1.737537 0.219142 0.000072
0.888000 1.734915 0.217939 0.000071
0.889000 1.731929 0.216773 0.000070
0.890000 1.736298 0.215621 0.000070
0.891000 1.737371 0.214420 0.000069
0.892000 1.726368 0.213244 0.000067
0.893000 1.723223 0.212025 0.000066
0.894000 1.707688 0.210843 0.000064
0.895000 1.707985 0.209654 0.000064
0.896000 1.704500 0.208435 0.000063
0.897000 1.704863 0.207210 0.000062
0.898000 1.692656 0.205962 0.000060
0.899000 1.684449 0.204732 0.000059
0.900000 1.689189 0.203483 0.000059
0.901000 1.680514 0.202240 0.000057
0.902000 1.689572 0.200987 0.000057
0.903000 1.689537 0.199762 0.000057
0.904000 1.694235 0.198489 0.000056
0.905000 1.685712 0.197172 0.000055
0.906000 1.676675 0.195859 0.000054
0.907000 1.662377 0.194591 0.000052
0.908000 1.652692 0.193269 0.000051
0.909000 1.652113 0.191995 0.000050
0.910000 1.661916 0.190657 0.000050
0.911000 1.667080 0.189311 0.000049
0.912000 1.672305 0.187968 0.000049
0.913000 1.672587 0.186621 0.000048
0.914000 1.672864 0.185241 0.000048
0.915000 1.673160 0.183881 0.000047
0.916000 1.661990 0.182551 0.000046
0.917000 1.672679 0.181187 0.000046
0.918000 1.672702 0.179801 0.000045
0.919000 1.678729 0.178408 0.000045
0.920000 1.672743 0.176998 0.000044
0.921000 1.666490 0.175613 0.000043
0.922000 1.665924 0.174225 0.000042
0.923000 1.648051 0.172773 0.000040
0.924000 1.635443 0.171302 0.000039
0.925000 1.641249 0.169819 0.000039
0.926000 1.621548 0.168346 0.000037
0.927000 1.627286 0.166881 0.000037
0.928000 1.626280 0.165385 0.000036
0.929000 1.624914 0.163910 0.000035
0.930000 1.616604 0.162373 0.000034
0.931000 1.615529 0.160861 0.000034
0.932000 1.621574 0.159324 0.000033
0.933000 1.612513 0.157817 0.000032
0.934000 1.603130 0.156310 0.000031
0.935000 1.593872 0.154764 0.000030
0.936000 1.576058 0.153154 0.000029
0.937000 1.565875 0.151564 0.000028
0.938000 1.555212 0.149924 0.000027
0.939000 1.525791 0.148287 0.000025
0.940000 1.530973 0.146668 0.000025
0.941000 1.537174 0.144997 0.000024
0.942000 1.514550 0.143321 0.000023
0.943000 1.520694 0.141625 0.000023
0.944000 1.515490 0.139987 0.000022
0.945000 1.511393 0.138254 0.000021
0.946000 1.506564 0.136523 0.000021
0.947000 1.490475 0.134763 0.000020
0.948000 1.495106 0.133061 0.000019
0.949000 1.488717 0.131305 0.000019
0.950000 1.469747 0.129514 0.000018
0.951000 1.449599 0.127700 0.000017
0.952000 1.442168 0.125854 0.000016
0.953000 1.446393 0.123996 0.000016
0.954000 1.464960 0.122145 0.000016
0.955000 1.456047 0.120249 0.000015
0.956000 1.431941 0.118306 0.000014
0.957000 1.453119 0.116319 0.000014
0.958000 1.376926 0.114381 0.000012
0.959000 1.397968 0.112407 0.000012
0.960000 1.419416 0.110386 0.000012
0.961000 1.369528 0.108328 0.000011
0.962000 1.390657 0.106324 0.000011
0.963000 1.395008 0.104217 0.000010
0.964000 1.335405 0.102100 0.000009
0.965000 1.358835 0.099925 0.000009
0.966000 1.362821 0.097733 0.000008
0.967000 1.364906 0.095558 0.000008
0.968000 1.367837 0.093278 0.000008
0.969000 1.370954 0.090968 0.000007
0.970000 1.315661 0.088681 0.000006
0.971000 1.251785 0.086297 0.000005
0.972000 1.248521 0.083901 0.000005
0.973000 1.279143 0.081454 0.000005
0.974000 1.235967 0.078996 0.000004
0.975000 1.268702 0.076469 0.000004
0.976000 1.262748 0.073880 0.000004
0.977000 1.204472 0.071320 0.000003
0.978000 1.242618 0.068699 0.000003
0.979000 1.172642 0.066018 0.000003
0.980000 1.214720 0.063327 0.000003
0.981000 1.259467 0.060498 0.000003
0.982000 1.237769 0.057694 0.000002
0.983000 1.127043 0.054740 0.000002
0.984000 1.182937 0.051682 0.000002
0.985000 1.140036 0.048663 0.000001
0.986000 1.066762 0.045537 0.000001
0.987000 0.965878 0.042356 0.000001
0.988000 0.803590 0.039111 0.000000
0.989000 0.501183 0.035757 0.000000
0.990000 0.509150 0.032401 0.000000
0.991000 0.527277 0.028941 0.000000
0.992000 0.539108 0.025356 0.000000
0.993000 0.549964 0.021807 0.000000
0.994000 0.597978 0.018149 0.000000
0.995000 0.682333 0.014486 0.000000
0.996000 0.709627 0.010795 0.000000
0.997000 0.837323 0.007153 0.000000
0.998000 0.826998 0.003793 0.000000
0.999000 0.166466 0.001045 0.000000
1.000000 179769313486231570814527423731704356798070567525844996598917476803157260780028538760589558632766878171540458953514382464234321326889464182768467546703537516986049910576551282076245490090389328944075868508455133942304583236903222948165808559332123348274797826204144723168738177180919299881250404026184124858368.000000 0.000000 0.000000
